1 0.100000 0.680000 0.076744 0.095385
1 0.218605 0.609231 0.076744 0.104615
1 0.122093 0.488462 0.083721 0.093846
1 0.075581 0.786923 0.086047 0.090769
1 0.160465 0.939231 0.088372 0.115385
1 0.909884 0.833846 0.089535 0.101538
1 0.437209 0.649231 0.072093 0.107692
1 0.348256 0.606923 0.070930 0.093846
1 0.397674 0.807692 0.090698 0.101538
1 0.319186 0.890000 0.087209 0.096923
1 0.301163 0.356923 0.065116 0.076923
1 0.161047 0.311538 0.063953 0.084615
1 0.695349 0.282308 0.074419 0.087692
1 0.778488 0.265385 0.075581 0.081538
1 0.056395 0.214615 0.063953 0.087692
1 0.506395 0.324615 0.066279 0.092308
1 0.548837 0.645385 0.072093 0.096923
1 0.729070 0.844615 0.083721 0.104615
1 0.539535 0.462308 0.069767 0.066154
1 0.505814 0.323846 0.065116 0.081538
1 0.628488 0.249231 0.068605 0.076923
1 0.169186 0.234615 0.073256 0.090769
1 0.199419 0.068462 0.063953 0.087692
1 0.945349 0.520000 0.076744 0.095385
1 0.620930 0.618462 0.074419 0.089231
1 0.631395 0.380769 0.074419 0.084615
1 0.068023 0.369231 0.075581 0.092308
1 0.340698 0.701538 0.074419 0.086154
1 0.439535 0.181538 0.072093 0.083077
1 0.377326 0.429231 0.073256 0.095385
1 0.399419 0.308462 0.070930 0.084615
